7.629530295503172965e-01
2.753156163685162028e-01
3.751544066781207221e-01
1.997885474461327249e-01
1.412405593728180975e-01
4.095364235718079726e-02
8.539307873115831171e-02
4.742193083347956417e-02
1.313782264487599605e-01
1.401682709488341061e-01
1.252897160566135426e-02
7.215592778766222182e-02
2.306051365808343689e-01
8.062361801785300486e-02
7.498392057050295989e-02
5.429719280164135853e-02
1.022643009200692177e-01
3.866984098340253695e-02
1.252897160566135426e-02
5.511965459254497546e-02
8.819875883818895090e-02
1.109592000516386179e-01
7.642887452948343707e-02
1.077515320530437748e-01
7.424797203020716552e-02
1.029913243160081038e-01
1.252897160566135426e-02
7.074456542068219278e-02
8.830200854117720155e-02
6.035583478296757676e-02
7.591899924955214374e-02
1.252897160566135426e-02
3.382431309910316486e-02
1.252897160566135426e-02
1.252897160566135426e-02
3.994486814190167934e-02
1.252897160566135426e-02
6.577300288427068153e-02
4.447892306779976934e-02
6.359075297859817510e-02
5.824603506835046574e-02
2.214506034601981810e-01
2.608919025910836353e-01
4.365292532793318969e-02
1.252897160566135426e-02
1.252897160566135426e-02
1.696895938175657648e-01
6.045389879864160321e-02
4.447892306779976934e-02
5.091122675639780937e-02
3.240462366602514521e-02
3.866984098340253695e-02
7.477687905065977247e-02
1.252897160566135426e-02
8.712587323543630191e-02
7.270462014457734767e-02
5.839586097636129125e-02
5.839585491958132479e-02
7.867614420501922723e-02
3.464816877158227726e-02
2.817136811017917353e-02
7.653426787965145195e-02
9.845194382296540425e-02
7.360737874705591821e-02
4.969969489593495382e-02
5.854564401806783280e-02
7.924443824413174298e-02
1.041533622037604800e-01
8.969879293135818443e-02
7.693208958289687871e-02
8.864027115623684949e-02
8.463316103325269069e-02
1.252897160566135426e-02
6.214066448001176468e-02
4.979581921907083597e-02
5.554878065731827519e-02
6.048412265317892889e-02
4.824263861883082427e-02
2.944365179155283840e-02
8.868800616346561583e-02
1.252897160566135426e-02
8.059385491606008145e-02
2.189576687187582138e-01
2.528734253924085351e-01
4.330555564456517459e-02
3.050081930314263445e-02
1.252897160566135426e-02
7.452509273434770876e-02
5.448972877229607548e-02
4.212668612717607175e-02
1.206159184989701316e-01
6.048412265317892889e-02
9.809023710431574727e-02
7.642887452948343707e-02
1.416741808616279741e-01
4.451418423150244053e-02
3.673649116763044731e-02
1.252897160566135426e-02
1.084211393881560070e-01
4.252656637117979699e-02
6.494826682137500029e-02
