9.899050379396884258e-01
7.139757550342396009e-01
9.960378598851316045e-01
2.999323873976000865e-02
2.999323873976000865e-02
2.999323873976000865e-02
2.999323873976000865e-02
2.999323873976000865e-02
2.999323873976000865e-02
2.999323873976000865e-02
2.999323873976000865e-02
2.999323873976000865e-02
2.999323873976000865e-02
2.999323873976000865e-02
2.999323873976000865e-02
2.999323873976000865e-02
2.999323873976000865e-02
2.999323873976000865e-02
2.999323873976000865e-02
2.999323873976000865e-02
2.999323873976000865e-02
2.999323873976000865e-02
2.999323873976000865e-02
2.999323873976000865e-02
2.999323873976000865e-02
2.999323873976000865e-02
2.999323873976000865e-02
2.999323873976000865e-02
2.999323873976000865e-02
2.999323873976000865e-02
2.999323873976000865e-02
2.999323873976000865e-02
2.999323873976000865e-02
2.999323873976000865e-02
2.999323873976000865e-02
2.999323873976000865e-02
2.999323873976000865e-02
2.999323873976000865e-02
2.999323873976000865e-02
2.999323873976000865e-02
2.999323873976000865e-02
6.471178906484622573e-01
7.692068609473620144e-01
2.735797422794605804e-02
2.735797422794605804e-02
2.735797422794605804e-02
2.735797422794605804e-02
2.735797422794605804e-02
2.735797422794605804e-02
2.735797422794605804e-02
2.735797422794605804e-02
2.735797422794605804e-02
2.735797422794605804e-02
2.735797422794605804e-02
2.735797422794605804e-02
2.735797422794605804e-02
2.735797422794605804e-02
2.735797422794605804e-02
2.735797422794605804e-02
2.735797422794605804e-02
2.735797422794605804e-02
2.735797422794605804e-02
2.735797422794605804e-02
2.735797422794605804e-02
2.735797422794605804e-02
2.735797422794605804e-02
2.735797422794605804e-02
2.735797422794605804e-02
2.735797422794605804e-02
2.735797422794605804e-02
2.735797422794605804e-02
2.735797422794605804e-02
2.735797422794605804e-02
2.735797422794605804e-02
2.735797422794605804e-02
2.735797422794605804e-02
2.735797422794605804e-02
2.735797422794605804e-02
2.735797422794605804e-02
2.735797422794605804e-02
2.735797422794605804e-02
2.735797422794605804e-02
6.745111869300460805e-01
7.455060227138978757e-01
2.588614013211409937e-02
2.588614013211409937e-02
2.588614013211409937e-02
2.588614013211409937e-02
2.588614013211409937e-02
2.588614013211409937e-02
2.588614013211409937e-02
2.588614013211409937e-02
2.588614013211409937e-02
2.588614013211409937e-02
2.588614013211409937e-02
2.588614013211409937e-02
2.588614013211409937e-02
2.588614013211409937e-02
2.588614013211409937e-02
2.588614013211409937e-02
2.588614013211409937e-02
