3.146176533808406450e+00
-3.150534382502829245e-01
9.312077875915707459e-01
7.452003439540665075e-02
-6.170887093828969494e-01
2.570329078933503153e-01
-2.301733884742749869e-01
-1.208081830330124673e-01
-3.198762885888001839e-01
6.019851754775026181e-02
-2.968108093634810180e-02
-1.216970336736488412e-01
1.418300044906611046e-01
-1.939654992754972773e-01
-2.900583341838215701e-02
2.262889577842436939e+00
6.235780853603448137e-02
-2.037884539079045931e-01
4.590069095451206893e-01
6.026881344362651216e-01
