4.227267013252458128e-01
4.227267013252458128e-01
4.222798863279422221e-01
4.225436002570859273e-01
4.224386887453874806e-01
3.709362130994122708e-01
3.752938176317002217e-01
3.234282660801000020e-01
3.261412877864131588e-01
3.259362378898913448e-01
3.260724786564423994e-01
3.241429030772451370e-01
3.246788358669618901e-01
2.794399469012205373e-01
2.789099179544791696e-01
2.391902955041587120e-01
2.371579307373394840e-01
2.367703491818247130e-01
2.363592720166707295e-01
2.396214594214143290e-01
2.403319443128566490e-01
2.370281256512498658e-01
2.367562406170691247e-01
2.053798542715412623e-01
2.122291782557113038e-01
1.750880786275956780e-01
1.714079938828945160e-01
1.722951458687020931e-01
1.722079387473058887e-01
1.653238119833986275e-01
1.713218409681758203e-01
1.137296655074351293e-01
1.131951587476578425e-01
5.738630004088918213e-02
6.516502650083566550e-02
6.162554234151684796e-02
6.528229874447788461e-02
4.626991528175494750e-02
5.176708726548895356e-02
3.776935372570733307e-02
3.600636278451929684e-02
3.169778145775126177e-02
4.135025817367932177e-02
3.859331830426526722e-02
3.365591839474291191e-02
7.772146624847664498e-02
9.508951835186962853e-02
3.342376542877900647e-02
3.721486252061367850e-02
3.112366047616887954e-02
3.448166146472431137e-02
3.743227449967889697e-02
3.637225240981933894e-02
9.297039306511578616e-02
8.198857614070220734e-02
3.213881505507742986e-02
3.776459362825335120e-02
3.670541069095634157e-02
3.161068229292141041e-02
3.824134411979684955e-02
3.556240039551994414e-02
3.611394400013523409e-02
3.802916270387868281e-02
6.267426338126824703e-02
5.640893992494966369e-02
2.859596576263356837e-02
3.978655524269925081e-02
3.589298420547493151e-02
3.591532070913672214e-02
3.628546974641722045e-02
3.369132228635862703e-02
3.272916602963960031e-02
5.649819077825668501e-02
6.188844140251603676e-02
3.331724674171709921e-02
3.775844886513368692e-02
3.553339207110184361e-02
3.730773099869111320e-02
4.973313937171042198e-02
5.483740848967499915e-02
3.884985438753574272e-02
3.666905428417521762e-02
3.175512510279077105e-02
4.045408560023133759e-02
3.281575657729263185e-02
3.382065210053042392e-02
1.010217033058324887e-01
7.656418426859090687e-02
3.886327381042065099e-02
3.061039331714709988e-02
3.264196472309777164e-02
3.714721167943935143e-02
3.557266825646365760e-02
3.450512272956984816e-02
8.430258277894608909e-02
8.564801486727446900e-02
3.515980492738890462e-02
3.093667402526989463e-02
3.454270585234553437e-02
3.482150335457845358e-02
3.648453570758647402e-02
