9.995099963917901675e-01
9.995099963917901675e-01
9.995099963917901675e-01
9.995099963917901675e-01
9.995099963917901675e-01
9.997566746543716798e-01
9.997533159820118920e-01
9.999999449891668890e-01
9.999999049605967638e-01
9.999998952766440130e-01
9.999998952766440130e-01
9.999999584143186571e-01
9.999999561941745885e-01
9.999973226880481958e-01
9.999956888095656860e-01
9.999917946508167788e-01
9.999941842211705900e-01
9.999931709603351315e-01
9.999931770475751769e-01
9.999932526848418490e-01
9.999933612069447086e-01
9.999932529690271910e-01
9.999932529690271910e-01
9.895284550719796179e-01
9.887631533859054800e-01
9.780319807418093037e-01
9.788149914482260350e-01
9.778117525399729892e-01
9.778516630851152858e-01
9.788804907910162445e-01
9.770914071802300205e-01
9.964105678288545098e-01
9.775705838454034069e-01
9.993919537690613142e-01
9.901990096743586989e-01
9.971808860425432908e-01
9.999873984102422009e-01
5.848951720664462561e-01
5.435046465718269548e-01
1.274228812408090272e-01
2.011171355666772076e-01
9.197630159440617348e-02
9.197630159440617348e-02
9.197630159440617348e-02
9.197630159440661757e-02
5.245783988615801974e-01
5.669046578421812477e-01
9.519238385873796116e-02
9.288041630218768496e-02
9.424563431299548544e-02
9.424563431299504135e-02
9.411434086081382766e-02
9.429966676158518801e-02
4.812862552394050475e-01
6.085210842377861695e-01
1.015200234303953453e-01
1.025471527382811887e-01
1.016383385576362652e-01
9.899936793584207528e-02
1.056732598879147611e-01
9.412752450186656628e-02
1.009243176921779117e-01
1.009243176921774676e-01
4.138508252942599830e-01
6.689748327273430384e-01
1.151737397953128683e-01
1.092230672444326478e-01
1.120875896758063428e-01
1.153115103386652684e-01
1.152874183298802091e-01
1.113872489958128709e-01
1.101038491330446067e-01
6.076455324283727144e-01
5.107712456230721898e-01
1.203214273103516696e-01
1.118673980334228268e-01
1.131396204860963817e-01
1.200287195803199092e-01
6.887111183961751593e-01
4.139476202543285188e-01
1.142636818046781633e-01
1.686734886657749177e-01
1.403124788925457223e-01
1.403124788925461663e-01
1.403124788925457223e-01
1.403124788925457223e-01
6.094519449682453960e-01
5.289772396953656974e-01
1.401873575596738197e-01
1.407214614895717641e-01
1.406749635724563463e-01
1.406749635724553471e-01
1.403264694036689963e-01
1.406767899280626510e-01
4.755225668999749633e-01
6.558869668878457571e-01
1.403256175186921029e-01
1.387315546926702892e-01
1.400544963719002611e-01
1.367186007357161781e-01
1.395855368608834857e-01
