5.275368032027875742e+00
-4.920223371996755857e-01
3.055078590761883373e+00
9.231416926178943605e-01
6.342271179978693496e-01
1.083992729948216188e-01
3.065978756318669785e+00
-1.684305067943695500e-01
-4.883478265065619994e-01
-6.528632535718237317e-02
2.461107120782267399e-02
2.915457806770095139e+00
3.131990218880108312e+00
1.879232419179189748e-02
4.955595278054158448e-01
3.234198193990422521e+00
2.469133626726720543e+00
3.630337904523478487e-01
2.885569368817219260e+00
3.233936849418336035e+00
