8.476768281038857822e-01
2.617854416612317436e-01
8.696168326241604518e-01
8.562196742241212633e-02
1.041727094079760718e-01
1.020668475584898260e-01
1.023580559681249724e-01
7.663884048270119820e-02
9.384298249824496452e-02
1.025396669733709132e-01
9.749298252199878334e-02
7.528825620238421834e-02
6.728488025601109257e-02
8.127972056263388367e-02
8.730672217052415363e-02
7.268502244414776214e-02
8.346671489653090248e-02
8.784209706755063962e-02
7.600355813838177710e-02
7.366746804518697900e-02
7.505722496080124984e-02
8.638049479895926197e-02
8.432234947304095840e-02
8.966658604686017497e-02
8.169931490147064324e-02
9.046775400702244951e-02
8.752039768842223566e-02
9.499746258370578289e-02
1.002588445207948098e-01
9.837514428454596782e-02
7.877990952692925930e-02
7.589408092462690547e-02
8.926793899945550947e-02
9.147077754050769727e-02
8.154581277131001116e-02
7.866912672034231946e-02
8.681018264542217366e-02
7.965709886821059627e-02
9.097853313323867042e-02
9.627969319717522012e-02
9.006472835881140782e-02
4.818247301909650560e-02
6.410670176524035924e-01
2.755155984414159320e-02
3.338564105069963261e-02
3.374750499688161653e-02
3.021018748631831841e-02
2.894136707709549228e-02
2.564032270129246172e-02
2.270885709413050790e-02
3.630914716677580145e-02
2.925492289841713500e-02
2.662964699266012758e-02
2.898434901180735324e-02
3.509134765090493602e-02
2.886781166353102890e-02
2.903812265822125482e-02
3.124705981417719158e-02
2.795676253890633234e-02
2.987653871787188109e-02
2.678716646460088668e-02
3.091382671345854760e-02
