9.899050379396884258e-01
7.139757550342396009e-01
9.960378598851316045e-01
2.563028825218847118e-01
2.563028825218847118e-01
2.563028825218847118e-01
2.563028825218847118e-01
2.563028825218847118e-01
2.563028825218847118e-01
2.563028825218847118e-01
2.563028825218847118e-01
2.563028825218847118e-01
2.563028825218847118e-01
2.563028825218847118e-01
2.563028825218847118e-01
2.563028825218847118e-01
2.563028825218847118e-01
2.563028825218847118e-01
2.563028825218847118e-01
2.563028825218847118e-01
2.563028825218847118e-01
2.563028825218847118e-01
2.563028825218847118e-01
2.563028825218847118e-01
2.563028825218847118e-01
2.563028825218847118e-01
2.563028825218847118e-01
2.563028825218847118e-01
2.563028825218847118e-01
2.563028825218847118e-01
2.563028825218847118e-01
2.563028825218847118e-01
2.563028825218847118e-01
2.563028825218847118e-01
2.563028825218847118e-01
2.563028825218847118e-01
2.563028825218847118e-01
2.563028825218847118e-01
2.563028825218847118e-01
2.563028825218847118e-01
2.563028825218847118e-01
2.079845877551650402e-01
9.903608126807139644e-01
2.727345902568789615e-02
2.727345902568789615e-02
2.727345902568789615e-02
2.727345902568789615e-02
2.727345902568789615e-02
2.727345902568789615e-02
2.727345902568789615e-02
2.727345902568789615e-02
2.727345902568789615e-02
2.727345902568789615e-02
2.727345902568789615e-02
2.727345902568789615e-02
2.727345902568789615e-02
2.727345902568789615e-02
2.727345902568789615e-02
2.727345902568789615e-02
2.727345902568789615e-02
2.727345902568789615e-02
2.727345902568789615e-02
