3.080169254356565300e+00
3.003346813663965165e+00
-1.284399876019505504e-02
1.651010287570686408e-01
1.915492538960329033e-02
-1.280661042305935582e-01
8.945067312990054309e-02
1.304805823988370861e-01
-1.436319380237371657e-01
4.537119966429239634e-03
-2.085606989215901472e-02
-8.001992382507898405e-02
-2.772106111889826099e-02
4.254086339957952045e-02
-1.834496855912898239e-01
1.392452987018221178e-01
-9.495276624597352721e-02
8.360757821609311746e-02
1.098560513023653790e-01
-5.219084961222426183e-02
