8.287810906881531992e-01
2.367469566702311567e-01
8.442565257005298918e-01
8.075211961795503157e-02
1.184936275649306481e-01
8.883794438952463679e-02
9.880769204619355150e-02
9.847864460016353405e-02
1.165821726453941665e-01
8.746232081966809346e-02
8.811929083685754449e-02
9.085106451266256045e-02
8.866106126606609905e-02
1.062530045323910599e-01
9.520284291193092940e-02
7.718375649710651487e-02
7.946122592329629697e-02
6.448855060398273054e-02
7.688346591658046236e-02
7.363082827896505478e-02
6.299089468939200742e-02
7.720874695678503485e-02
8.716305881489461171e-02
7.608455773879541084e-02
8.307224570762627991e-02
7.618178674420050811e-02
7.836736134368038620e-02
6.604839124474892742e-02
7.258083717715635430e-02
6.337181723301910097e-02
7.066937750232682447e-02
6.014618399149185279e-02
7.446991695178439841e-02
6.287412675510495319e-02
8.643109317472408293e-02
9.221644787430705037e-02
8.046598535247539985e-02
8.572549902009996003e-02
8.801221020894445246e-02
1.022202858785021817e-01
7.485127429208660033e-02
8.436421243641234469e-02
6.011074249049670470e-01
2.764825786152869114e-02
3.994335191555364872e-02
5.966736828077046084e-02
3.935639221890596673e-02
4.773131005504183122e-02
2.733154757834199700e-02
4.568131258793073357e-02
2.670910203823950724e-02
3.512220119637277094e-02
4.276239959472150076e-02
2.777574688616368803e-02
3.923836384637979791e-02
3.083318626431719167e-02
2.820296446816428215e-02
3.876607350503036287e-02
2.476594029985790257e-02
2.850267755547974957e-02
2.259190848917569383e-02
2.942301492748811143e-02
3.824282902041886700e-02
4.319232382067639264e-02
3.734387677423001151e-02
3.018644752501131734e-02
3.094747448039925075e-02
4.176054622212177492e-02
3.340260309323639376e-02
3.483100983430631459e-02
4.392661674864939414e-02
4.127913845604780363e-02
3.219168520126913791e-02
8.914420795599653502e-02
9.450006007546107867e-02
1.222328893791200244e-01
1.325974142478116846e-01
9.041377506309800083e-02
1.199348216814541956e-01
1.133879144717866438e-01
1.451868436365657544e-01
1.350690385665984650e-01
2.170018219198937004e-01
3.429698516310963896e-01
1.484215331693121698e-01
1.902310563277751498e-01
1.409273499853043177e-01
9.458906490044682869e-02
1.811474495548281993e-01
1.399863348224243964e-01
1.318005020025339036e-01
1.945119510560289200e-01
1.518806986650815816e-01
1.546652714037008991e-01
1.679011245428227994e-01
1.429461701623040426e-01
1.287141879197406524e-01
1.071043813826690894e-01
1.379697405259321386e-01
1.412587301783787552e-01
1.391508347228409548e-01
