9.899050379396884258e-01
7.139757550342396009e-01
9.960378598851316045e-01
2.496992902762451561e-01
2.496992902762451561e-01
2.496992902762451561e-01
2.496992902762451561e-01
2.496992902762451561e-01
2.496992902762451561e-01
2.496992902762451561e-01
2.496992902762451561e-01
2.496992902762451561e-01
2.496992902762451561e-01
2.496992902762451561e-01
2.496992902762451561e-01
2.496992902762451561e-01
2.496992902762451561e-01
2.496992902762451561e-01
2.496992902762451561e-01
2.496992902762451561e-01
2.496992902762451561e-01
2.496992902762451561e-01
2.496992902762451561e-01
2.496992902762451561e-01
2.496992902762451561e-01
2.496992902762451561e-01
2.496992902762451561e-01
2.496992902762451561e-01
2.496992902762451561e-01
2.496992902762451561e-01
2.496992902762451561e-01
2.496992902762451561e-01
2.496992902762451561e-01
2.496992902762451561e-01
2.496992902762451561e-01
2.496992902762451561e-01
2.496992902762451561e-01
2.496992902762451561e-01
2.496992902762451561e-01
2.496992902762451561e-01
2.496992902762451561e-01
2.140955391763798010e-01
9.891106908778088957e-01
2.850865399235935627e-02
2.850865399235935627e-02
2.850865399235935627e-02
2.850865399235935627e-02
2.850865399235935627e-02
2.850865399235935627e-02
2.850865399235935627e-02
2.850865399235935627e-02
2.850865399235935627e-02
2.850865399235935627e-02
2.850865399235935627e-02
2.850865399235935627e-02
2.850865399235935627e-02
2.850865399235935627e-02
2.850865399235935627e-02
2.850865399235935627e-02
2.850865399235935627e-02
2.850865399235935627e-02
2.850865399235935627e-02
2.850865399235935627e-02
2.850865399235935627e-02
2.850865399235935627e-02
2.850865399235935627e-02
2.850865399235935627e-02
2.850865399235935627e-02
2.850865399235935627e-02
2.850865399235935627e-02
2.850865399235935627e-02
2.850865399235935627e-02
2.850865399235935627e-02
2.850865399235935627e-02
2.850865399235935627e-02
2.850865399235935627e-02
2.850865399235935627e-02
2.850865399235935627e-02
2.850865399235935627e-02
2.850865399235935627e-02
2.850865399235935627e-02
2.850865399235935627e-02
6.609308681822712028e-01
7.574758313510694396e-01
3.049913323488739891e-02
3.049913323488739891e-02
3.049913323488739891e-02
3.049913323488739891e-02
3.049913323488739891e-02
3.049913323488739891e-02
3.049913323488739891e-02
3.049913323488739891e-02
3.049913323488739891e-02
3.049913323488739891e-02
3.049913323488739891e-02
3.049913323488739891e-02
3.049913323488739891e-02
3.049913323488739891e-02
3.049913323488739891e-02
3.049913323488739891e-02
3.049913323488739891e-02
