3.285396013495885725e+00
2.637849247200654723e+00
-9.561315099932118922e-02
-1.081136966068727001e-02
9.829802330667229693e-02
-5.102789600961183530e-04
-1.825975915244326397e-01
8.408127873759871362e-03
1.140769813939904731e+00
-9.371622992829438115e-01
2.885763413620781037e-01
1.528737030754665494e-01
7.851620818975908467e-01
4.762266105051554121e-01
3.864550151293227875e-01
1.434016581118294331e+00
7.243031486582878209e-01
-3.921251867273675695e-01
1.297510964176309955e-03
-4.020689314373846468e-01
