4.153943942806108680e-01
1.565386308593588183e-01
4.172051016294062720e-01
4.833003388466750039e-02
5.193724043601832818e-02
4.969310767000933993e-02
4.719232918978377711e-02
4.877100111571053276e-02
4.865402808036378701e-02
4.838570489891935722e-02
5.396162660781556042e-02
4.897589664187762537e-02
4.696497442455438431e-02
4.436635554839085671e-02
4.667546779137410340e-02
4.329753484125831164e-02
4.432734102965696366e-02
4.821111981937065138e-02
5.222825899090821622e-02
4.848895177701706416e-02
4.070256722980047925e-02
4.821939505745831411e-02
4.218014106254486251e-02
4.409391899389447644e-02
4.931070070506393677e-02
4.872366618610612932e-02
4.048834447348781396e-02
3.887752065065797069e-02
3.847294412025803467e-02
4.230958473590362701e-02
4.276244365200909670e-02
4.657865932676941156e-02
5.173892156062720460e-02
4.887898294737169635e-02
4.629220573997372412e-02
4.820836666112882085e-02
4.741909698304880294e-02
4.792417447197294678e-02
5.417281441395971342e-02
4.128997584712124080e-02
4.728516474915522849e-02
2.616742552754658391e-02
3.488569130367977777e-01
2.673351415160141187e-02
3.356250820797868073e-02
2.926417147273241426e-02
2.523316473934755777e-02
3.214595132021713653e-02
2.754073189271366573e-02
2.806273909482115414e-02
2.798812943228767836e-02
2.654891939937442658e-02
2.696083323962739087e-02
2.916339711964610615e-02
3.288115885197839816e-02
2.959857309951985371e-02
3.278596376276254887e-02
2.698544689565096633e-02
2.377032558251812588e-02
2.830549769032586482e-02
3.057439186022747890e-02
2.795897498526755953e-02
