9.995099963918074870e-01
6.129464854032354859e-01
8.207889890594302074e-01
1.724084524581850353e-01
1.724084524581850353e-01
1.724084524581850353e-01
1.724084524581850353e-01
1.724084524581850353e-01
1.724084524581850353e-01
1.724084524581850353e-01
1.724084524581850353e-01
1.724084524581850353e-01
1.724084524581850353e-01
1.724084524581850353e-01
1.724084524581850353e-01
1.724084524581850353e-01
1.724084524581850353e-01
1.724084524581850353e-01
1.724084524581850353e-01
1.724084524581850353e-01
1.724084524581850353e-01
1.724084524581850353e-01
1.724084524581850353e-01
1.724084524581850353e-01
1.724084524581850353e-01
1.724084524581850353e-01
1.724084524581850353e-01
1.724084524581850353e-01
1.724084524581850353e-01
1.724084524581850353e-01
1.724084524581850353e-01
1.724084524581850353e-01
1.724084524581850353e-01
1.724084524581850353e-01
1.724084524581850353e-01
1.724084524581850353e-01
1.724084524581850353e-01
1.724084524581850353e-01
1.724084524581850353e-01
1.724084524581850353e-01
1.724084524581850353e-01
3.311516252650534842e-01
9.935504872935611020e-01
1.131666203225777378e-01
1.131666203225777378e-01
1.131666203225777378e-01
1.131666203225777378e-01
1.131666203225777378e-01
1.131666203225777378e-01
1.131666203225777378e-01
1.131666203225777378e-01
1.131666203225777378e-01
1.131666203225777378e-01
1.131666203225777378e-01
1.131666203225777378e-01
1.131666203225777378e-01
1.131666203225777378e-01
1.131666203225777378e-01
1.131666203225777378e-01
1.131666203225777378e-01
1.131666203225777378e-01
1.131666203225777378e-01
