3.048044611423885719e+00
3.144545120562121543e+00
-4.626948292585279787e-02
-2.581613611917220330e-02
5.044142728296754224e-02
-1.718048554194469280e-02
4.314346337990043051e-02
2.768048104933601081e-02
1.913125749123285521e-02
-6.815606320220116143e-02
-6.142529751057933946e-02
5.140951226895804083e-02
-8.441378568312378483e-02
-4.714574046190195787e-03
4.841514242433088248e-03
4.828739463710831487e-02
-2.492504256636980317e-02
-7.570839800140044713e-03
5.637570093393743514e-02
6.148972306220357870e-02
