8.148700949991507514e-01
2.600560928481172596e-01
7.944151859951489314e-01
2.933383320164466568e-01
2.520339731850071985e-01
3.384014695202495204e-01
2.978906543003176921e-01
3.034099554661224829e-01
2.681882639667492185e-01
3.554639425724417379e-01
2.959951451953202195e-01
3.082269176084082574e-01
1.841363577941592666e-01
2.226838728201983031e-01
1.766397786054767494e-01
2.385037989747615939e-01
2.458899593698333774e-01
1.921215731867960130e-01
1.817688336814171635e-01
2.213611027091246797e-01
1.876656510739849182e-01
3.323841376245582069e-01
2.028918189612340939e-01
2.046346863930921245e-01
1.582536630585309467e-01
2.097141359136003302e-01
1.209562214735342423e-01
1.499300825626050937e-01
1.249061214889479743e-01
1.602789847115673183e-01
1.307588529548411316e-01
1.572011717066743586e-01
1.363224506599181041e-01
1.491928736122645205e-01
1.138376162029999250e-01
1.326864453308189695e-01
1.540437455737446726e-01
2.185826831541817228e-01
1.300380792495161586e-01
1.573011182231311977e-01
1.615213666859744990e-01
1.961231076215881330e-01
5.241703834508371074e-01
1.542779655974300113e-01
1.812990732710204611e-01
1.278396880879881792e-01
1.543613715180072177e-01
1.135016179537160497e-01
1.327465915392167517e-01
1.699292834946390940e-01
1.223516669028867909e-01
1.310632680520029680e-01
8.463686953336946317e-02
1.482264295545974164e-01
1.441415680692443857e-01
1.106151976964611094e-01
1.254271877560313442e-01
2.159434457134921104e-01
1.394598696188040776e-01
1.533013260905136121e-01
1.372197242535548867e-01
1.111833253889926709e-01
