9.899050379396884258e-01
7.139757550342396009e-01
9.960378598851316045e-01
2.143261346858501559e-01
2.143261346858501559e-01
2.143261346858501559e-01
2.143261346858501559e-01
2.143261346858501559e-01
2.143261346858501559e-01
2.143261346858501559e-01
2.143261346858501559e-01
2.143261346858501559e-01
2.143261346858501559e-01
2.143261346858501559e-01
2.143261346858501559e-01
2.143261346858501559e-01
2.143261346858501559e-01
2.143261346858501559e-01
2.143261346858501559e-01
2.143261346858501559e-01
2.143261346858501559e-01
2.143261346858501559e-01
2.143261346858501559e-01
2.143261346858501559e-01
2.143261346858501559e-01
2.143261346858501559e-01
2.143261346858501559e-01
2.143261346858501559e-01
2.143261346858501559e-01
2.143261346858501559e-01
2.143261346858501559e-01
2.143261346858501559e-01
2.143261346858501559e-01
2.143261346858501559e-01
2.143261346858501559e-01
2.143261346858501559e-01
2.143261346858501559e-01
2.143261346858501559e-01
2.143261346858501559e-01
2.143261346858501559e-01
2.143261346858501559e-01
2.497004325680935999e-01
9.805681286682080833e-01
4.342229530158947526e-02
4.342229530158947526e-02
4.342229530158947526e-02
4.342229530158947526e-02
4.342229530158947526e-02
4.342229530158947526e-02
4.342229530158947526e-02
4.342229530158947526e-02
4.342229530158947526e-02
4.342229530158947526e-02
4.342229530158947526e-02
4.342229530158947526e-02
4.342229530158947526e-02
4.342229530158947526e-02
4.342229530158947526e-02
4.342229530158947526e-02
4.342229530158947526e-02
4.342229530158947526e-02
4.342229530158947526e-02
