2.898470621846990003e+00
-5.650000857441012103e-02
7.109334335425598894e-04
-2.095246843384615532e-02
-3.373313088546962546e-01
-7.372063966925355150e-01
-2.762176640163936936e-01
9.936697651863013458e-02
-2.971343553556181072e-01
-2.358966978717614016e-01
-3.866927668758841086e-01
-2.648952780719778799e-01
-5.494751222384910427e-01
-2.158572626293050190e-01
-2.183593115238323668e-01
-1.493495248994065605e-01
-3.114451889513547567e-01
1.523754486731576929e-01
-4.120313574425458203e-01
2.205701273023044640e-02
